9.99874 1
9.914659 1
9.864476 1
9.784 1
9.68856 1
9.410854 1
9.305301 1
9.302244 1
9.292031 1
9.219923 1
9.09727 1
9.070362 0
9.066011 1
9.057019 1
9.041264 1
8.925756 1
8.913274 1
8.891239 1
8.847575 1
8.802906 1
8.795308 1
8.714903 1
8.671881 0
8.671501 1
8.663952 1
8.628554 1
8.612509 1
8.609626 1
8.596858 1
8.574702 0
8.554098 1
8.511117 1
8.472967 1
8.451039 1
8.441946 1
8.434525 1
8.426514 1
8.413937 1
8.412648 1
8.391571 1
8.37602 1
8.366212 1
8.365592 1
8.364004 1
8.36307 1
8.343176 1
8.335131 1
8.329619 1
8.327315 1
8.308264 0
8.282085 1
8.281595 1
8.273571 1
8.256427 1
8.255786 1
8.255701 1
8.249843 1
8.221033 1
8.219102 1
8.217632 1
8.21196 1
8.199048 1
8.191215 1
8.126242 1
8.122705 1
8.106212 1
8.093589 1
8.091731 1
8.089859 1
8.069844 1
8.069257 1
8.06266 1
8.045168 1
8.017258 0
8.013618 1
8.012521 1
8.005579 1
7.994594 0
7.992441 0
7.983157 0
7.977794 1
7.972888 0
7.932845 1
7.932345 1
7.931502 1
7.922488 0
7.919168 1
7.914348 1
7.90787 1
7.901057 1
7.896165 1
7.892655 1
7.890488 1
7.877151 1
7.875694 1
7.873281 1
7.860618 1
7.853862 1
7.852144 1
7.84369 1
7.840336 1
7.828534 0
7.826098 1
7.818775 1
7.8095 1
7.808892 0
7.808008 1
7.797562 1
7.787154 1
7.77161 1
7.766599 1
7.749474 1
7.74785 0
7.746099 1
7.745533 1
7.743098 1
7.741105 1
7.726967 1
7.712117 0
7.701055 1
7.687286 1
7.685008 0
7.682002 1
7.666972 1
7.66579 1
7.664762 1
7.661188 1
7.657447 0
7.656633 1
7.656067 1
7.655656 1
7.655114 1
7.645545 1
7.630208 1
7.629871 1
7.628006 0
7.625354 1
7.621975 1
7.619885 0
7.615192 1
7.613885 0
7.595358 1
7.585885 1
7.574283 1
7.572801 0
7.570424 1
7.561139 1
7.561086 0
7.555597 1
7.553716 1
7.550285 1
7.54011 0
7.538694 0
7.533262 1
7.525523 1
7.521788 1
7.518047 1
7.516952 0
7.504765 1
7.500444 0
7.498241 1
7.498082 1
7.495935 0
7.495747 0
7.492779 0
7.487699 1
7.478128 1
7.468642 0
7.462157 1
7.457784 1
7.450093 1
7.446386 0
7.444325 0
7.444232 1
7.437737 1
7.424251 1
7.413172 1
7.409901 1
7.408751 0
7.400294 0
7.398763 1
7.394927 1
7.394664 0
7.389008 1
7.386213 1
7.379834 0
7.37301 1
7.372311 1
7.37184 1
7.368796 0
7.367268 0
7.355137 1
7.354112 1
7.3453 1
7.344275 1
7.342915 1
7.333769 1
7.333351 1
7.331475 1
7.317279 1
7.31634 1
7.314505 1
7.30728 1
7.30273 1
7.299632 1
7.298713 1
7.295714 1
7.295527 1
7.28796 1
7.287264 1
7.275984 0
7.26252 0
7.262408 1
7.250719 1
7.249432 1
7.247984 1
7.241032 1
7.237617 1
7.233842 1
7.228823 0
7.224766 1
7.220914 0
7.216586 1
7.214673 1
7.212287 0
7.211201 0
7.21056 1
7.210406 1
7.208073 1
7.207199 1
7.183433 1
7.181761 1
7.179162 1
7.177486 1
7.177181 0
7.175909 1
7.173532 1
7.173525 0
7.168974 1
7.165112 0
7.163843 1
7.163155 1
7.159709 1
7.156894 0
7.152977 1
7.15274 0
7.144089 1
7.142041 1
7.141296 0
7.136774 1
7.134268 1
7.127234 0
7.126005 0
7.12588 0
7.119542 0
7.117662 0
7.113714 1
7.113176 0
7.110795 0
7.10993 0
7.107746 1
7.103284 1
7.102569 1
7.100698 1
7.097584 1
7.096892 1
7.092446 1
7.088795 1
7.084924 0
7.084584 1
7.081353 1
7.078263 1
7.076166 1
7.075966 1
7.070306 0
7.059142 1
7.055789 0
7.050666 1
7.046088 0
7.039463 1
7.03487 0
7.032756 1
7.029132 0
7.027165 1
7.027006 0
7.026906 0
7.017279 1
7.01664 0
7.016599 1
7.011285 0
7.008416 0
7.003936 0
7.002115 1
6.999477 0
6.995602 1
6.988722 1
6.986893 1
6.979758 0
6.978555 0
6.977981 1
6.971161 0
6.967557 0
6.960783 0
6.952693 0
6.951624 0
6.948364 0
6.945184 0
6.939653 1
6.938747 0
6.937266 1
6.93539 0
6.932383 1
6.929126 0
6.928319 1
6.927862 0
6.920732 0
6.914075 1
6.911259 1
6.907898 1
6.903958 0
6.903858 0
6.903336 0
6.901926 1
6.898145 1
6.897434 0
6.893748 0
6.889631 1
6.889351 0
6.885512 0
6.882836 1
6.877973 0
6.876881 1
6.872875 0
6.870941 0
6.869457 0
6.866624 1
6.862014 0
6.859169 0
6.85714 0
6.856221 0
6.85605 0
6.852641 1
6.85246 0
6.838228 0
6.837013 0
6.831618 0
6.830451 1
6.830286 0
6.828687 0
6.826802 0
6.826639 0
6.825127 0
6.824235 1
6.820102 1
6.817194 1
6.814178 0
6.812823 1
6.803459 0
6.802976 1
6.7995 0
6.796957 1
6.794429 1
6.790535 0
6.784914 1
6.782541 0
6.781826 0
6.78099 1
6.777251 0
6.776189 1
6.775937 1
6.773507 1
6.773158 0
6.771411 0
6.770917 1
6.769602 0
6.769421 1
6.766125 1
6.763033 0
6.759655 1
6.757905 0
6.755641 0
6.740039 1
6.738871 0
6.738414 0
6.73752 0
6.737019 1
6.730161 0
6.730045 0
6.725056 1
6.724313 0
6.724284 1
6.723298 0
6.721629 1
6.717741 0
6.715525 0
6.714898 1
6.712356 1
6.711171 0
6.700752 1
6.696051 1
6.6917 0
6.689845 0
6.688722 1
6.686221 1
6.68118 0
6.679554 0
6.679223 0
6.676698 1
6.676676 0
6.675928 0
6.67545 0
6.674667 1
6.673538 0
6.673292 1
6.6719 0
6.67172 0
6.671006 0
6.670438 0
6.66927 1
6.664236 0
6.664185 0
6.663393 0
6.661746 0
6.655574 0
6.654674 0
6.650379 0
6.648578 0
6.647556 1
6.64663 1
6.646569 0
6.6464 1
6.640791 1
6.639964 1
6.635987 1
6.633972 1
6.632673 1
6.629356 0
6.623991 0
6.623922 0
6.616791 1
6.614927 0
6.613252 1
6.612616 0
6.610919 1
6.610276 1
6.609197 0
6.607594 0
6.607313 1
6.606976 0
6.605421 1
6.604609 0
6.604283 1
6.603501 0
6.598511 1
6.596473 0
6.595013 0
6.593373 1
6.588899 0
6.58678 0
6.586579 0
6.582475 1
6.579523 0
6.576548 0
6.574629 0
6.565412 1
6.565029 0
6.565027 1
6.562016 0
6.561572 1
6.560164 0
6.555978 0
6.555414 0
6.554802 0
6.552287 0
6.54456 0
6.544467 0
6.544416 0
6.541695 0
6.530995 0
6.530779 1
6.529503 0
6.523758 0
6.521632 1
6.521379 0
6.513794 0
6.512516 1
6.507843 0
6.507726 1
6.504588 1
6.500364 0
6.498856 0
6.496995 0
6.495498 1
6.491974 0
6.488458 0
6.485629 0
6.482456 1
6.478881 0
6.47579 0
6.47457 0
6.473579 1
6.472868 1
6.471413 0
6.466743 1
6.465888 0
6.465538 1
6.464297 0
6.463634 0
6.461369 0
6.457451 1
6.456646 0
6.454008 0
6.453228 0
6.451116 0
6.448467 0
6.448459 0
6.442361 0
6.440742 1
6.439571 0
6.439538 0
6.439425 1
6.434063 0
6.433718 0
6.429928 1
6.429757 1
6.426872 1
6.425432 0
6.425171 0
6.424959 1
6.423779 1
6.42331 1
6.422969 0
6.422119 1
6.421849 0
6.412913 0
6.407392 0
6.406446 0
6.403118 1
6.402167 0
6.391466 0
6.389816 1
6.387363 0
6.385811 0
6.383258 0
6.38137 0
6.381096 0
6.379987 0
6.378184 0
6.375354 0
6.37325 0
6.371902 0
6.371308 1
6.369663 1
6.368751 0
6.368627 0
6.368128 1
6.36277 0
6.36104 0
6.360134 0
6.359574 0
6.3585 0
6.356761 0
6.35289 1
6.352726 0
6.352345 0
6.349567 0
6.349412 0
6.346751 0
6.345835 1
6.344339 0
6.343352 0
6.341956 0
6.340828 0
6.339664 0
6.336851 0
6.336196 1
6.334806 0
6.3298 0
6.329421 0
6.328679 0
6.32864 0
6.327838 1
6.327737 0
6.327273 0
6.324582 1
6.322295 0
6.321117 0
6.317415 0
6.316471 0
6.312845 0
6.311819 0
6.311674 0
6.305536 0
6.302447 0
6.301808 0
6.301145 0
6.300489 0
6.294119 0
6.29279 0
6.287799 0
6.285364 1
6.281967 0
6.279098 0
6.278363 0
6.277188 0
6.274967 0
6.271039 1
6.270459 0
6.270333 0
6.268347 0
6.260986 0
6.260778 0
6.260629 0
6.260136 0
6.259394 1
6.257938 0
6.256577 0
6.255663 1
6.253917 0
6.252787 0
6.252592 0
6.250488 1
6.247882 1
6.24591 1
6.245217 1
6.245115 0
6.244828 0
6.243853 0
6.243828 0
6.243803 0
6.242583 0
6.239857 0
6.238668 0
6.236716 0
6.234972 1
6.234514 1
6.232477 1
6.230883 0
6.230238 0
6.228962 0
6.227808 1
6.22508 0
6.224453 0
6.222211 1
6.221213 0
6.22091 0
6.215755 1
6.214133 1
6.213814 1
6.21223 0
6.211562 0
6.206164 0
6.204303 0
6.204208 0
6.203791 0
6.200421 1
6.200231 0
6.200128 1
6.19796 0
6.196363 0
6.195694 0
6.194525 0
6.19402 0
6.193761 0
6.192284 0
6.190829 0
6.190252 0
6.189583 0
6.189116 0
6.187405 0
6.185801 0
6.184114 0
6.182863 0
6.182162 0
6.181033 1
6.179186 0
6.174278 0
6.173384 1
6.169253 0
6.166448 0
6.164347 0
6.163551 0
6.159992 0
6.15899 0
6.15891 0
6.158823 1
6.156488 0
6.156064 0
6.155914 0
6.155523 0
6.153778 0
6.153174 0
6.151752 0
6.148573 0
6.148509 0
6.145086 0
6.144692 0
6.143669 0
6.141983 0
6.139324 0
6.138807 0
6.138559 0
6.136655 0
6.135499 0
6.135231 0
6.135053 0
6.134912 0
6.129388 0
6.128402 0
6.127944 0
6.126914 0
6.124011 0
6.123284 0
6.123121 0
6.120315 0
6.120309 0
6.118916 0
6.117638 0
6.115345 0
6.115194 0
6.115049 0
6.112538 1
6.111124 0
6.10709 0
6.106668 1
6.102949 0
6.099689 0
6.099543 1
6.098252 0
6.096769 0
6.095707 0
6.095641 0
6.09468 0
6.090739 1
6.090528 0
6.088347 0
6.086371 0
6.084857 0
6.082375 0
6.079732 0
6.078292 0
6.075321 0
6.074893 0
6.069809 0
6.069251 0
6.067931 0
6.066775 0
6.06604 0
6.062329 0
6.062153 0
6.062109 0
6.061953 0
6.061169 0
6.061004 0
6.059546 0
6.057625 0
6.054133 0
6.049372 1
6.047251 0
6.047233 0
6.047064 0
6.045938 0
6.043907 0
6.043897 0
6.043588 0
6.043275 0
6.041977 0
6.0419 0
6.041676 0
6.038718 0
6.038019 0
6.037766 0
6.037412 0
6.036132 0
6.035977 0
6.035321 0
6.034676 1
6.034652 0
6.03273 0
6.032104 0
6.030532 0
6.030154 0
6.027996 0
6.024363 0
6.023395 0
6.022422 0
6.022142 0
6.021116 0
6.019729 0
6.019673 0
6.017848 0
6.017079 0
6.015463 0
6.011167 0
6.010246 0
6.009183 0
6.008677 0
6.008355 0
6.007307 0
6.007295 1
6.005386 0
6.004291 0
6.002923 0
6.0024 0
6.001363 0
6.001277 0
5.99611 0
5.995501 0
5.994569 0
5.99332 0
5.992523 0
5.989684 0
5.987952 1
5.987427 0
5.986331 1
5.985494 1
5.985205 0
5.981 0
5.980828 0
5.98044 0
5.980014 1
5.978151 0
5.976845 0
5.975502 0
5.974775 0
5.973701 0
5.972979 0
5.97072 0
5.968691 0
5.968555 0
5.965771 0
5.963762 0
5.961384 0
5.960212 0
5.959758 0
5.959182 0
5.955366 0
5.953517 0
5.951988 0
5.95098 1
5.950424 0
5.949649 0
5.947978 0
5.9465 1
5.941842 0
5.941737 0
5.941676 0
5.941076 1
5.939689 0
5.937854 0
5.935741 0
5.934105 0
5.932941 1
5.932739 0
5.932101 0
5.92999 0
5.928794 0
5.927915 0
5.927214 0
5.924154 0
5.923949 0
5.923022 0
5.921859 0
5.918728 0
5.917425 0
5.915709 0
5.915624 0
5.915461 0
5.91497 0
5.912477 0
5.911844 0
5.911812 1
5.909225 0
5.908317 0
5.908107 0
5.906344 0
5.90031 0
5.899797 0
5.897781 1
5.896915 0
5.894935 0
5.894832 0
5.893996 0
5.892495 0
5.890565 0
5.890401 0
5.890284 0
5.890197 0
5.885826 0
5.883438 0
5.882936 0
5.88012 0
5.878775 0
5.878588 0
5.87817 0
5.877955 0
5.876681 0
5.876353 0
5.875367 0
5.874471 0
5.872388 0
5.870791 0
5.870217 0
5.869484 0
5.869269 0
5.869071 0
5.868957 0
5.865283 0
5.863423 0
5.861 0
5.860487 0
5.860411 0
5.858736 0
5.857689 0
5.857582 0
5.856956 0
5.856894 0
5.856047 0
5.855819 0
5.85568 0
5.855096 0
5.853171 0
5.852998 0
5.850726 0
5.850398 0
5.850298 0
5.850021 0
5.84883 0
5.848473 0
5.847874 0
5.844095 0
5.842544 0
5.84226 0
5.841042 0
5.838183 0
5.837969 0
5.837438 0
5.837314 0
5.837242 0
5.836236 0
5.833425 0
5.832172 0
5.830595 0
5.829523 0
5.829366 0
5.829214 0
5.828732 0
5.827761 0
5.827729 1
5.826853 0
5.826762 0
5.825678 0
5.825337 0
5.824981 0
5.824262 1
5.824 0
5.823739 0
5.822447 1
5.822344 0
5.820106 0
5.819389 0
5.818082 0
5.81711 0
5.816756 0
5.816253 0
5.814815 0
5.813448 0
5.812459 0
5.811016 1
5.81072 0
5.810285 0
5.809714 0
5.80904 0
5.808764 0
5.807204 0
5.804882 0
5.804708 0
5.803309 0
5.803216 0
5.802213 0
5.800541 0
5.800222 0
5.800142 0
5.797743 0
5.797084 0
5.796735 1
5.796593 0
5.796372 0
5.796203 0
5.794209 0
5.794132 0
5.79232 0
5.79093 0
5.790831 0
5.79022 0
5.788326 0
5.787969 0
5.784632 0
5.78409 0
5.783446 0
5.782939 0
5.781488 0
5.781351 0
5.78076 0
5.777749 1
5.777516 0
5.777138 0
5.775544 0
5.773673 0
5.773667 0
5.772328 0
5.771011 0
5.770674 0
5.76855 0
5.768033 0
5.767232 0
5.766901 0
5.765809 0
5.764138 0
5.764034 1
5.762756 0
5.762523 0
5.762412 1
5.762298 1
5.759838 1
5.758189 0
5.757352 0
5.756468 0
5.756451 0
5.755244 0
5.755107 0
5.754172 0
5.753304 1
5.751247 0
5.751124 0
5.749634 0
5.748946 0
5.747071 0
5.745513 0
5.744421 0
5.743202 0
5.742062 0
5.741914 0
5.740512 0
5.739543 0
5.738544 1
5.73771 0
5.737628 0
5.73723 0
5.73654 0
5.736378 0
5.736205 0
5.736193 0
5.735566 0
5.734779 0
5.733556 0
5.732921 0
5.731758 0
5.730534 0
5.729314 0
5.729226 0
5.726952 0
5.724677 0
5.724 0
5.722926 0
5.72262 0
5.722393 0
5.722153 0
5.721434 0
5.720586 1
5.719997 0
5.719946 0
5.719509 0
5.71932 0
5.717619 0
5.716257 0
5.715054 0
5.714963 0
5.714504 0
5.714159 0
5.713643 0
5.712789 0
5.712602 0
5.712417 1
5.711529 0
5.709613 0
5.708592 0
5.708301 0
5.708178 0
5.706929 0
5.706758 0
5.702443 1
5.70171 0
5.701151 0
5.701145 0
5.70102 0
5.701013 1
5.700159 0
5.697839 0
5.695891 0
5.693548 0
5.693212 1
5.691596 0
5.690038 0
5.689459 0
5.689214 0
5.688799 0
5.688446 0
5.687871 0
5.686606 0
5.685275 0
5.684058 0
5.684052 0
5.681371 0
5.681036 0
5.679639 0
5.678069 0
5.677693 0
5.677619 0
5.677239 0
5.676931 0
5.676721 0
5.67572 0
5.67413 0
5.673251 0
5.673224 0
5.67311 0
5.670859 0
5.670772 0
5.670606 0
5.669589 0
5.668981 0
5.667827 0
5.667108 0
5.667069 0
5.666088 0
5.665981 0
5.664722 1
5.664051 0
5.663599 0
5.663049 0
5.662083 0
5.661406 0
5.661092 0
5.660071 0
5.65906 0
5.65864 0
5.658564 0
5.65685 0
5.656698 0
5.65657 0
5.656373 0
5.656214 1
5.65156 0
5.651125 0
5.649973 0
5.649285 0
5.64859 0
5.646953 0
5.646702 0
5.645619 0
5.645098 0
5.644962 0
5.643511 0
5.642163 0
5.641007 0
5.640538 1
5.638834 0
5.638502 0
5.637705 0
5.636624 0
5.635944 0
5.635823 0
5.635743 0
5.634461 0
5.633678 0
5.632865 0
5.632606 0
5.631318 0
5.630452 0
5.629719 0
5.628464 0
5.628374 0
5.626761 0
5.626703 0
5.626011 0
5.625991 0
5.624964 0
5.624949 0
5.624199 1
5.623896 0
5.623122 0
5.621474 0
5.620827 0
5.618957 0
5.617972 0
5.617765 0
5.617525 1
5.617451 0
5.616808 0
5.616442 0
5.616405 0
5.615881 0
5.615269 0
5.614684 0
5.614029 0
5.610751 0
5.610208 0
5.610111 0
5.609626 0
5.609298 0
5.608223 0
5.606345 0
5.603996 0
5.602959 0
5.602705 0
5.602025 0
5.599826 0
5.599698 0
5.598922 0
5.59823 0
5.596935 0
5.596531 0
5.5965 0
5.596101 0
5.594661 0
5.59335 1
5.59141 0
5.591383 0
5.591 0
5.590756 0
5.590219 0
5.588868 0
5.587865 0
5.58663 0
5.586235 0
5.585099 0
5.584822 0
5.583477 1
5.582202 0
5.581067 0
5.579638 0
5.578981 0
5.578785 0
5.578458 1
5.577549 0
5.577512 0
5.576525 0
5.575449 0
5.574105 0
5.5734 0
5.5726 0
5.571763 0
5.57094 0
5.570827 0
5.569924 0
5.569053 0
5.568988 0
5.568974 0
5.56724 0
5.564954 0
5.564294 0
5.564013 0
5.562563 0
5.562116 0
5.561634 0
5.560535 0
5.560444 0
5.55918 0
5.558271 0
5.557586 0
5.556561 0
5.55622 0
5.556041 0
5.555063 0
5.553255 0
5.553202 0
5.552854 0
5.552278 0
5.54897 0
5.548831 0
5.548827 0
5.548611 0
5.547608 0
5.545939 0
5.545469 0
5.543831 0
5.543532 0
5.537989 0
5.53628 0
5.536177 0
5.535572 0
5.53527 0
5.53526 0
5.532711 0
5.532577 0
5.532234 1
5.531738 0
5.530876 0
5.530313 0
5.52999 0
5.529887 0
5.528481 0
5.52756 0
5.525824 0
5.525704 0
5.525143 0
5.523042 0
5.521937 0
5.521268 0
5.520972 0
5.52087 0
5.520391 0
5.520034 0
5.519846 0
5.519776 0
5.519755 0
5.519557 0
5.5188 0
5.518766 0
5.518448 0
5.518446 0
5.518302 0
5.518278 0
5.517675 0
5.51745 0
5.517423 0
5.517361 0
5.517089 0
5.516653 0
5.515511 0
5.514626 0
5.514481 0
5.514066 0
5.5104 0
5.509664 0
5.509356 0
5.50891 0
5.506942 0
5.506098 1
5.505286 0
5.505034 0
5.504582 0
5.503823 0
5.502905 0
5.5028 0
5.50207 0
5.498779 0
5.498331 0
5.498252 0
5.497168 0
5.497093 0
5.496279 0
5.495887 0
5.495364 0
5.493575 0
5.492791 0
5.490438 0
5.489772 0
5.48947 0
5.488681 0
5.48782 0
5.486235 0
5.485787 0
5.484733 0
5.484526 0
5.483909 0
5.481771 0
5.47942 0
5.478844 0
5.478425 0
5.478149 0
5.477784 0
5.477266 0
5.476676 0
5.475914 0
5.473759 0
5.472538 0
5.472325 0
5.471717 0
5.471343 0
5.470425 0
5.470258 0
5.469563 0
5.468246 1
5.467897 0
5.467386 0
5.467114 0
5.466863 0
5.466846 0
5.465993 0
5.465889 0
5.464485 0
5.464345 0
5.463176 0
5.462585 0
5.462174 1
5.461079 0
5.460855 0
5.460838 0
5.460133 0
5.459927 0
5.459878 0
5.459846 0
5.458713 0
5.458625 0
5.457904 0
5.457813 0
5.457239 0
5.456967 0
5.456278 0
5.456257 0
5.455632 0
5.455542 0
5.454904 0
5.454673 0
5.454062 0
5.453365 0
5.452338 0
5.451224 0
5.451199 0
5.45078 0
5.449797 0
5.449643 0
5.44917 0
5.448928 0
5.448669 0
5.448635 0
5.447522 0
5.447302 0
5.447258 0
5.446191 0
5.445744 0
5.443595 0
5.443222 0
5.442689 0
5.442206 0
5.441758 0
5.441734 0
5.441522 0
5.441387 0
5.441285 0
5.44096 0
5.439785 0
5.439641 0
5.439585 0
5.439275 0
5.438926 0
5.438562 0
5.438062 0
5.437468 0
5.437141 0
5.436737 0
5.436255 0
5.434783 0
5.433513 1
5.432348 0
5.430845 0
5.429647 0
5.428346 0
5.428294 0
5.426988 0
5.42698 0
5.426668 0
5.426218 0
5.42611 0
5.425352 0
5.424839 0
5.42449 0
5.424147 0
5.424128 0
5.423047 0
5.422895 0
5.41998 0
5.419946 0
5.418014 0
5.417968 0
5.416552 0
5.415752 0
5.415453 0
5.415279 0
5.415263 0
5.414997 0
5.414707 0
5.414632 0
5.413408 0
5.413238 0
5.412742 0
5.411638 0
5.411631 0
5.411468 0
5.410615 0
5.410485 0
5.410345 0
5.40944 0
5.408732 0
5.408569 0
5.407899 0
5.407774 0
5.407598 0
5.406772 0
5.406215 0
5.406117 0
5.405658 0
5.40526 0
5.404994 0
5.404648 0
5.403284 0
5.403198 0
5.402728 0
5.402215 0
5.401635 0
5.399768 0
5.399518 0
5.399271 0
5.399165 0
5.399158 0
5.398938 0
5.398055 0
5.397775 0
5.39773 0
5.397031 0
5.397027 0
5.394686 0
5.393911 0
5.393768 0
5.393323 0
5.393302 0
5.39283 0
5.392656 0
5.392455 0
5.390791 0
5.390723 0
5.389785 0
5.389738 0
5.389637 0
5.389259 0
5.388962 0
5.388392 0
5.385622 0
5.385313 0
5.384404 0
5.38427 0
5.384104 0
5.383914 0
5.38243 0
5.380782 0
5.37838 0
5.378269 0
5.377962 0
5.376821 0
5.376745 0
5.376642 0
5.376382 0
5.375945 0
5.374388 0
5.374122 0
5.373545 0
5.373008 0
5.372772 0
5.372034 0
5.371825 0
5.370177 0
5.370055 0
5.369961 0
5.36982 0
5.369768 0
5.369689 0
5.369455 0
5.369356 0
5.367452 0
5.366539 0
5.366148 0
5.366133 0
5.365898 0
5.365681 0
5.365498 0
5.365479 0
5.365338 0
5.364636 0
5.364609 0
5.364523 0
5.364013 0
5.363382 0
5.363085 0
5.36298 0
5.362882 0
5.362597 0
5.362165 0
5.361511 0
5.36049 0
5.360477 0
5.360396 0
5.360384 0
5.36024 0
5.358883 0
5.35851 0
5.35845 0
5.357889 0
5.356092 0
5.35587 0
5.355741 0
5.355715 0
5.355605 0
5.355432 0
5.354453 0
5.353974 0
5.353844 0
5.353773 0
5.353409 0
5.353365 0
5.353213 0
5.352841 0
5.352602 0
5.352454 0
5.35172 0
5.35149 0
5.350813 0
5.35077 0
5.350571 0
5.349776 0
5.34974 0
5.34913 0
5.349129 0
5.349033 0
5.348397 0
5.3483 0
5.347783 0
5.347167 0
5.347043 1
5.346091 0
5.345675 0
5.345585 0
5.345456 0
5.345252 0
5.34422 0
5.343932 0
5.343149 0
5.341567 0
5.341506 0
5.341469 0
5.341178 0
5.340633 0
5.339725 0
5.339193 0
5.337455 0
5.337251 0
5.337232 0
5.336982 0
5.336497 0
5.336232 0
5.335161 0
5.33391 0
5.333042 0
5.33198 0
5.331626 0
5.330629 0
5.330545 1
5.329507 0
5.328479 0
5.328193 0
5.32594 0
5.325457 0
5.325124 0
5.324704 0
5.324511 0
5.323731 0
5.323453 0
5.323177 0
5.323081 0
5.322413 0
5.322178 0
5.321455 0
5.321322 0
5.321222 0
5.319669 0
5.319577 0
5.319293 0
5.317625 1
5.317481 0
5.316409 0
5.316051 0
5.315315 0
5.315095 0
5.314669 0
5.314351 0
5.314297 0
5.31394 0
5.313815 0
5.312952 0
5.312016 1
5.312002 0
5.311781 0
5.311651 0
5.310961 0
5.310849 0
5.310133 0
5.310108 0
5.309746 0
5.309695 0
5.309303 0
5.30872 0
5.308462 1
5.308079 0
5.307535 0
5.307464 0
5.307448 0
5.307167 0
5.306749 0
5.306429 0
5.30636 0
5.306222 0
5.306162 0
5.304708 0
5.304593 0
5.304439 0
5.304362 0
5.304071 0
5.303859 0
5.30384 0
5.303639 0
5.303309 0
5.30328 0
5.303163 0
5.303083 0
5.302686 0
5.301857 0
5.301569 1
5.301341 0
5.30128 0
5.301127 0
5.300249 0
5.300237 0
5.300084 0
5.299206 0
5.298821 0
5.298371 0
5.297802 0
5.296872 0
5.296505 0
5.295977 0
5.295934 0
5.2948 0
5.294626 0
5.294116 0
5.293331 0
5.293157 0
5.292622 0
5.292585 0
5.292522 0
5.292493 0
5.292302 0
5.291924 0
5.291659 0
5.291421 0
5.291219 0
5.291209 0
5.289946 0
5.289899 0
5.28989 0
5.289541 0
5.289414 0
5.288912 0
5.288493 0
5.288468 0
5.288228 0
5.288228 0
5.287851 0
5.287451 0
5.287324 0
5.286919 0
5.286674 0
5.286577 0
5.286526 0
5.286496 0
5.286448 0
5.286402 0
5.285821 0
5.285642 0
5.285479 0
5.284049 0
5.28396 0
5.283503 0
5.281975 0
5.281794 0
5.281466 0
5.280542 0
5.280204 0
5.279871 0
5.279792 0
5.279276 0
5.279116 0
5.278549 0
5.277751 0
5.277201 0
5.275672 0
5.274658 0
5.274294 0
5.274215 0
5.273321 0
5.273115 0
5.27204 0
5.272015 0
5.271924 0
5.271216 0
5.271117 0
5.271082 0
5.270381 0
5.269906 0
5.269721 0
5.269448 0
5.269368 0
5.268395 0
5.268122 0
5.267827 0
5.267793 0
5.267561 0
5.267395 0
5.267351 0
5.267112 0
5.266868 0
5.266559 0
5.266014 0
5.265673 0
5.265649 0
5.265582 0
5.26556 0
5.265043 0
5.264223 0
5.26277 0
5.262311 0
5.261487 0
5.261445 0
5.261437 0
5.2612 0
5.26087 0
5.260325 0
5.259637 0
5.259506 0
5.258932 0
5.258849 0
5.258584 0
5.257771 0
5.257752 0
5.257511 0
5.257083 0
5.256526 0
5.256405 0
5.255738 0
5.255731 0
5.255483 0
5.25506 0
5.2549 0
5.254401 0
5.254331 0
5.254325 0
5.254073 0
5.253846 0
5.253754 0
5.252548 0
5.252295 0
5.251521 0
5.251281 0
5.251133 0
5.25097 0
5.250725 0
5.250625 0
5.250362 0
5.249743 0
5.249039 0
5.249024 0
5.248655 0
5.248384 0
5.248298 0
5.24739 0
5.24725 0
5.247057 0
5.246937 0
5.246767 0
5.246746 0
5.246709 0
5.246436 1
5.246138 0
5.24588 0
5.245841 0
5.245766 0
5.245642 0
5.245619 0
5.245544 0
5.24545 0
5.245263 1
5.245225 0
5.244821 0
5.244448 0
5.243811 0
5.243495 0
5.243317 0
5.243123 0
5.243117 0
5.242522 0
5.241267 0
5.240471 0
5.240208 0
5.239367 0
5.23917 0
5.238699 0
5.238493 0
5.238276 0
5.237749 0
5.237317 0
5.2373 0
5.236379 0
5.236057 0
5.235558 0
5.235391 0
5.23538 0
5.235275 0
5.235201 0
5.234895 0
5.233985 0
5.233869 0
5.233775 0
5.233753 0
5.232677 0
5.232584 0
5.232269 0
5.232239 0
5.232096 0
5.232008 0
5.23199 0
5.231489 0
5.23105 0
5.230619 0
5.230461 0
5.230459 0
5.229931 0
5.229412 0
5.229382 0
5.229375 0
5.229357 0
5.229282 0
5.228534 0
5.228436 0
5.228067 0
5.227719 0
5.227612 0
5.2265 0
5.225839 0
5.225632 0
5.22546 0
5.225348 0
5.224942 0
5.224899 0
5.224555 0
5.224494 0
5.22425 0
5.223882 0
5.223627 0
5.223453 0
5.223243 0
5.223136 0
5.222879 0
5.221727 0
5.221034 0
5.220935 0
5.220565 0
5.220144 0
5.219921 0
5.219858 0
5.219773 0
5.219424 0
5.219171 0
5.218615 0
5.217861 0
5.217603 0
5.217419 0
5.216836 0
5.216805 0
5.216776 0
5.21672 0
5.216584 0
5.21655 0
5.216341 0
5.21593 0
5.214924 0
5.214902 0
5.214804 0
5.214698 0
5.214363 0
5.214287 0
5.214256 0
5.213722 0
5.213127 0
5.213115 0
5.212782 0
5.212591 0
5.212573 0
5.212519 0
5.212387 0
5.211819 0
5.211632 0
5.211551 0
5.211535 0
5.211524 0
5.211277 0
5.211108 0
5.211019 0
5.210835 0
5.210803 0
5.210433 0
5.210289 0
5.210096 0
5.209879 0
5.208364 0
5.208357 0
5.208284 0
5.208248 0
5.207919 0
5.207907 0
5.207864 0
5.207828 0
5.20777 0
5.206789 0
5.206044 0
5.205858 0
5.205763 0
5.205756 0
5.205585 0
5.204696 0
5.204592 0
5.204426 0
5.204422 0
5.204154 0
5.204087 0
5.20396 0
5.203829 0
5.203636 0
5.203133 0
5.20299 0
5.202882 0
5.20229 0
5.202134 0
5.201971 0
5.201746 0
5.200994 0
5.20091 0
5.200478 0
5.200324 0
5.200103 0
5.200022 0
5.199817 0
5.19932 0
5.199306 0
5.199187 0
5.19917 0
5.199129 0
5.198861 0
5.197909 0
5.19772 0
5.197643 0
5.197602 0
5.197599 0
5.197514 0
5.197028 0
5.196731 0
5.196688 0
5.196504 0
5.196458 0
5.196301 0
5.196265 0
5.195891 0
5.195753 0
5.194424 0
5.194417 0
5.194048 0
5.193907 0
5.193541 0
5.19315 0
5.192859 0
5.192296 0
5.192292 0
5.192148 0
5.191762 0
5.191389 0
5.191323 0
5.191141 0
5.191013 0
5.190823 0
5.190777 0
5.190173 0
5.190098 0
5.189925 0
5.189822 0
5.189775 0
5.189418 0
5.189348 0
5.189189 0
5.188677 0
5.188478 0
5.188439 0
5.188234 0
5.18807 0
5.188039 0
5.187776 0
5.187668 0
5.187664 0
5.187525 0
5.186979 0
5.186322 0
5.185873 0
5.185694 0
5.185375 0
5.185309 0
5.185172 0
5.184475 0
5.184413 0
5.183996 0
5.1831 0
5.182946 0
5.182839 0
5.182375 0
5.181813 0
5.181705 0
5.181459 0
5.18144 0
5.181282 0
5.181168 0
5.181026 0
5.180968 0
5.180861 0
5.180771 0
5.180599 0
5.180264 0
5.180053 0
5.180021 0
5.180003 0
5.179827 0
5.179657 0
5.1793 0
5.178934 0
5.178888 0
5.178831 0
5.178706 0
5.178703 0
5.178672 0
5.178086 0
5.177662 0
5.177649 1
5.177277 0
5.17697 0
5.176623 0
5.17652 0
5.176233 0
5.175988 0
5.175898 0
5.175868 0
5.175522 0
5.175508 0
5.174901 0
5.174877 0
5.174602 0
5.174353 0
5.174244 0
5.174184 0
5.174018 0
5.173846 0
5.17377 0
5.173527 0
5.173401 0
5.173355 0
5.172431 0
5.172266 0
5.172164 0
5.172148 0
5.172108 0
5.171986 0
5.171976 0
5.171881 0
5.17183 0
5.171378 0
5.170908 0
5.17087 0
5.170834 0
5.17066 0
5.170455 0
5.170376 0
5.169962 0
5.16966 0
5.169652 0
5.169637 0
5.169631 0
5.169198 0
5.169091 0
5.168967 0
5.16892 0
5.16876 0
5.16866 0
5.167728 0
5.167703 0
5.167127 0
5.166995 0
5.166324 0
5.166254 0
5.165821 0
5.165313 0
5.164696 0
5.16463 0
5.164311 0
5.163784 0
5.163511 0
5.163243 0
5.163208 0
5.162999 0
5.162531 0
5.162507 0
5.161959 0
5.161892 0
5.161874 0
5.1618 0
5.161721 0
5.161681 0
5.161598 0
5.161211 0
5.161147 0
5.160738 0
5.160667 0
5.160605 0
5.160566 0
5.160479 0
5.160139 0
5.16007 0
5.159873 0
5.159628 0
5.159554 1
5.159399 0
5.159261 0
5.1591 0
5.15893 0
5.158844 0
5.158638 0
5.158405 0
5.157868 0
5.157655 0
5.157576 0
5.156916 0
5.156909 0
5.156795 0
5.156787 0
5.156496 0
5.156318 0
5.155932 0
5.155546 0
5.155116 0
5.155056 0
5.15475 0
5.154563 0
5.15434 0
5.154288 0
5.154244 0
5.154011 0
5.153859 0
5.15368 0
5.153108 0
5.153012 0
5.152947 0
5.152934 0
5.152875 0
5.15267 0
5.152563 0
5.152553 0
5.152501 0
5.151946 0
5.151868 0
5.151538 0
5.151388 0
5.15138 0
5.150597 0
5.150283 0
5.150099 0
5.149918 0
5.149667 0
5.149486 0
5.149466 0
5.149357 0
5.149262 0
5.149187 0
5.149052 0
5.149036 0
5.148886 0
5.148809 0
5.148498 0
5.147998 0
5.147779 0
5.147661 0
5.147527 0
5.147444 0
5.147198 0
5.147015 0
5.146983 0
5.146972 0
5.146924 0
5.146759 0
5.146721 0
5.146689 0
5.146667 0
5.146247 0
5.146129 0
5.145784 0
5.145629 0
5.145534 0
5.145534 0
5.145423 0
5.145257 0
5.145184 0
5.144815 0
5.144795 0
5.144703 0
5.144691 0
5.14456 0
5.143684 0
5.143527 0
5.14326 0
5.143067 0
5.14302 0
5.142545 0
5.142325 0
5.141906 0
5.141665 0
5.141502 0
5.141314 0
5.141217 0
5.140906 0
5.140704 0
5.14022 0
5.139648 0
5.139269 0
5.139157 0
5.138955 0
5.138896 0
5.138844 0
5.13871 0
5.138615 0
5.138528 0
5.138051 0
5.137713 0
5.137687 0
5.137258 0
5.137038 0
5.137003 0
5.136933 0
5.136756 0
5.136686 0
5.136488 0
5.136391 0
5.136236 0
5.136229 1
5.136055 0
5.135647 0
5.135367 0
5.135202 0
5.134937 0
5.134463 0
5.13442 0
5.134296 0
5.134008 0
5.133815 0
5.133763 0
5.13342 0
5.133409 0
5.133237 0
5.132642 0
5.132638 0
5.132612 0
5.132446 0
5.132236 0
5.132228 0
5.131818 0
5.131725 0
5.131654 0
5.131454 0
5.131361 0
5.131228 0
5.131181 0
5.130998 0
5.130967 0
5.130322 0
5.130277 0
5.130111 0
5.130011 0
5.129969 0
5.129752 0
5.129655 0
5.129527 0
5.129523 0
5.129379 0
5.12874 0
5.128516 0
5.128409 0
5.12839 0
5.128355 0
5.128177 0
5.128024 0
5.127934 0
5.127762 0
5.127372 0
5.127192 0
5.127173 0
5.126988 0
5.126966 0
5.126958 0
5.126408 0
5.125966 0
5.125628 0
5.125453 0
5.125282 0
5.125245 0
5.125144 0
5.125126 0
5.125117 0
5.124541 0
5.12431 0
5.124151 0
5.124007 0
5.12397 0
5.123841 0
5.123244 0
5.123136 0
5.123026 0
5.122923 0
5.122818 0
5.122746 0
5.122329 0
5.122289 0
5.122272 0
5.122133 0
5.122132 0
5.122086 0
5.122084 0
5.122037 0
5.121765 0
5.121719 0
5.121593 0
5.121577 0
5.121442 0
5.121399 0
5.121213 0
5.121079 0
5.120658 0
5.120405 0
5.120401 0
5.120275 0
5.120226 0
5.119967 0
5.119937 0
5.119875 0
5.119828 0
5.119789 0
5.119664 0
5.119631 0
5.119386 0
5.119273 0
5.119137 0
5.118691 0
5.118239 0
5.11814 0
5.117949 0
5.117769 0
5.117321 0
5.117069 0
5.117013 0
5.116528 0
5.116401 0
5.116384 0
5.116372 0
5.116346 0
5.116321 0
5.11589 0
5.115878 0
5.115558 0
5.115554 0
5.115204 0
5.115092 0
5.11506 0
5.115032 0
5.114964 0
5.114697 0
5.11458 0
5.114445 0
5.114171 0
5.113729 0
5.113662 0
5.113634 0
5.11315 0
5.113144 0
5.113119 0
5.112929 0
5.112642 0
5.112577 0
5.112524 0
5.112507 0
5.112142 0
5.112132 0
5.112125 0
5.111825 0
5.111784 0
5.111603 0
5.111589 0
5.111452 0
5.111294 0
5.111032 0
5.110955 0
5.110923 0
5.110906 0
5.110898 0
5.110847 0
5.110806 0
5.110464 0
5.110436 0
5.110267 0
5.110103 0
5.109959 0
5.109666 0
5.109604 0
5.109412 0
5.109323 0
5.109199 0
5.109154 0
5.109046 0
5.108456 0
5.10822 0
5.108129 0
5.10812 0
5.107978 0
5.107911 0
5.107909 0
5.107848 0
5.107745 0
5.107604 0
5.107552 0
5.107418 0
5.107251 0
5.107239 0
5.107142 0
5.106996 0
5.106944 0
5.106896 0
5.106884 0
5.106833 0
5.106625 0
5.106522 0
5.106413 0
5.106156 0
5.106122 0
5.106078 0
5.106043 0
5.105982 0
5.105961 0
5.105662 0
5.105532 0
5.105304 0
5.104827 0
5.10471 0
5.104547 0
5.104474 0
5.104441 0
5.104307 0
5.104073 0
5.103787 0
5.103687 0
5.103622 0
5.103226 0
5.10291 0
5.102868 0
5.102803 0
5.102777 0
5.102712 0
5.102586 0
5.102281 0
5.102094 0
5.101715 0
5.101544 0
5.101303 0
5.101163 0
5.101037 0
5.100982 0
5.100971 0
5.100873 0
5.100655 0
5.100437 0
5.100427 0
5.100373 0
5.100334 0
5.100116 0
5.10003 0
5.099986 1
5.099944 0
5.099883 0
5.099602 0
5.09957 0
5.099151 0
5.098795 0
5.098789 0
5.098632 0
5.098535 0
5.098406 0
5.098361 0
5.098298 0
5.098261 0
5.098163 0
5.097659 0
5.097568 0
5.097544 0
5.097528 0
5.097223 0
5.096079 0
5.096055 0
5.096024 0
5.09584 0
5.095772 0
5.095616 0
5.095499 0
5.095009 0
5.094752 0
5.094725 0
5.094636 0
5.094588 0
5.094429 0
5.094398 0
5.09431 0
5.0943 0
5.094227 0
5.093504 0
5.093442 0
5.093369 0
5.093338 0
5.093211 0
5.092925 0
5.092665 0
5.092643 0
5.092451 0
5.092344 0
5.09219 0
5.092164 0
5.09214 0
5.092038 0
5.09196 0
5.091891 0
5.091851 0
5.091806 0
5.091806 0
5.09135 0
5.091225 0
5.091139 0
5.091034 0
5.090804 0
5.090714 0
5.090669 0
5.090657 0
5.090577 0
5.090559 0
5.090531 0
5.090474 0
5.090394 0
5.090343 0
5.090269 0
5.089768 0
5.089703 0
5.089642 0
5.089409 0
5.089312 0
5.089303 0
5.089215 0
5.089086 0
5.089036 0
5.088982 0
5.088968 0
5.088968 0
5.088841 0
5.088824 0
5.08882 0
5.088512 0
5.088334 0
5.088304 0
5.088188 0
5.088123 0
5.08771 0
5.087684 0
5.087679 0
5.087558 0
5.087457 0
5.087115 0
5.087062 0
5.086876 0
5.086856 0
5.086596 0
5.086574 0
5.086531 0
5.086518 0
5.086438 0
5.086126 0
5.08605 0
5.085855 0
5.085634 0
5.085068 0
5.08492 0
5.084722 0
5.084532 0
5.084296 0
5.084155 0
5.08408 0
5.084038 0
5.083951 0
5.083932 0
5.08392 0
5.083898 0
5.083629 0
5.083537 0
5.083452 0
5.083418 0
5.083415 0
5.083319 0
5.083289 0
5.083224 0
5.083135 0
5.082991 0
5.082987 0
5.082917 0
5.082888 0
5.082834 0
5.082676 0
5.082663 0
5.08248 0
5.082431 0
5.082421 0
5.082345 0
5.082141 0
5.08214 0
5.081951 0
5.081892 0
5.081765 0
5.081737 0
5.081705 0
5.081692 0
5.081683 0
5.081608 0
5.081556 0
5.081286 0
5.081238 0
5.080878 0
5.080674 0
5.080669 0
5.080662 0
5.080625 0
5.080524 0
5.080501 0
5.080468 0
5.080284 0
5.080073 0
5.080067 0
5.080063 0
5.079913 0
5.079811 0
5.07977 0
5.079659 0
5.079488 0
5.079396 0
5.079362 0
5.079266 0
5.079203 0
5.079202 0
5.079122 0
5.079045 0
5.078821 0
5.078732 0
5.078591 0
5.078543 0
5.078399 0
5.078391 0
5.078121 0
5.077939 0
5.077657 0
5.077647 0
5.077604 0
5.077386 0
5.077294 0
5.077113 0
5.076925 0
5.076752 0
5.076592 0
5.076432 0
5.076249 0
5.076165 0
5.076156 0
5.075892 0
5.075868 0
5.07568 0
5.075495 0
5.075487 0
5.075449 0
5.075426 0
5.075413 0
5.075339 0
5.075293 0
5.075216 0
5.075115 0
5.075078 0
5.075023 0
5.075007 0
5.074651 0
5.074567 0
5.074523 0
5.074152 0
5.074127 0
5.073916 0
5.073864 0
5.073851 0
5.073592 0
5.073417 0
5.073405 0
5.072964 0
5.07268 0
5.072606 0
5.072585 0
5.072532 0
5.072532 0
5.072433 0
5.072291 0
5.07228 0
5.072099 0
5.071908 0
5.071789 0
5.071765 0
5.071683 0
5.071651 0
5.071639 0
5.071579 0
5.071552 0
5.071256 0
5.071244 1
5.071193 0
5.071192 0
5.071105 0
5.071002 0
5.070945 0
5.070723 0
5.070548 0
5.070357 0
5.07034 0
5.070247 0
5.070211 0
5.070103 0
5.069947 0
5.069911 0
5.069537 0
5.06951 0
5.069314 0
5.069002 0
5.068962 0
5.068946 0
5.068944 0
5.068911 0
5.068784 0
5.068486 0
5.068415 0
5.068408 0
5.068373 0
5.068325 0
5.067737 0
5.067558 0
5.067164 0
5.067091 0
5.067033 0
5.066973 0
5.066901 0
5.06687 0
5.066777 0
5.066647 0
5.066551 0
5.066547 0
5.066485 0
5.066484 0
5.066378 0
5.066039 0
5.065901 0
5.065821 0
5.065741 0
5.065707 0
5.065697 0
5.065655 0
5.065465 0
5.065435 0
5.065415 0
5.065396 0
5.065356 0
5.065289 0
5.065003 0
5.06494 0
5.064787 0
5.064554 0
5.064546 0
5.064435 0
5.06434 0
5.064259 0
5.064224 0
5.064122 0
5.063909 0
5.063506 0
5.063451 0
5.063347 0
5.063342 0
5.063313 0
5.063076 0
5.063068 0
5.063068 0
5.063007 0
5.062996 0
5.062981 0
5.062947 0
5.062927 0
5.062786 0
5.062659 0
5.062643 0
5.062614 0
5.062535 0
5.062446 0
5.062347 0
5.062189 0
5.062142 0
5.062 0
5.061945 0
5.061903 0
5.061897 0
5.061828 0
5.061768 0
5.061696 0
5.061577 0
5.061547 0
5.061357 0
5.061136 0
5.061098 0
5.060577 0
5.060556 0
5.060218 0
5.060126 0
5.060114 0
5.060034 0
5.059802 0
5.05975 0
5.059436 0
5.058982 0
5.058936 0
5.058773 0
5.058652 0
5.058443 0
5.058434 0
5.058407 0
5.058379 0
5.058188 0
5.058145 0
5.05812 0
5.05804 0
5.057944 0
5.057929 0
5.057912 0
5.057905 0
5.057893 0
5.057544 0
5.057538 0
5.057433 0
5.057288 0
5.057124 0
5.057113 0
5.057096 0
5.05709 0
5.056909 0
5.056905 0
5.05687 0
5.056809 0
5.056782 0
5.05666 0
5.056549 0
5.056518 0
5.056447 0
5.05619 0
5.056098 0
5.055909 0
5.055863 0
5.055746 0
5.055727 0
5.055651 0
5.055635 0
5.055533 0
5.055504 0
5.055435 0
5.055154 0
5.055052 0
5.055045 0
5.054972 0
5.054904 0
5.054547 0
5.054453 0
5.054389 0
5.054323 0
5.054266 0
5.054138 0
5.054128 0
5.053943 0
5.053926 0
5.053886 0
5.053869 0
5.053854 0
5.053843 0
5.05372 0
5.053658 0
5.053614 0
5.053569 0
5.05355 0
5.053479 0
5.053082 0
5.053081 0
5.052939 0
5.052826 0
5.052815 0
5.052803 0
5.052798 0
5.052749 0
5.052723 0
5.052717 0
5.052678 0
5.052611 0
5.052489 0
5.052401 0
5.052183 0
5.052104 0
5.052032 0
5.051861 0
5.051799 0
5.051673 0
5.051537 0
5.051532 0
5.051498 0
5.051373 0
5.051179 0
5.051153 0
5.050963 0
5.050871 0
5.050808 0
5.050751 0
5.050478 0
5.050469 0
5.050358 0
5.050298 0
5.050099 0
5.049918 0
5.049823 0
5.049818 0
5.049799 0
5.049685 0
5.049651 0
5.049488 0
5.049452 0
5.049247 0
5.049161 0
5.049104 0
5.049023 0
5.048999 0
5.04899 0
5.048872 0
5.048781 0
5.04873 0
5.048653 0
5.04855 0
5.048275 0
5.04824 0
5.048164 0
5.048064 0
5.048047 0
5.0479 0
5.047851 0
5.047826 0
5.04771 0
5.047649 0
5.047617 0
5.047524 0
5.047519 0
5.047508 0
5.047505 0
5.04748 0
5.047433 0
5.047387 0
5.047288 0
5.047235 0
5.047146 0
5.047113 0
5.047052 0
5.047 0
5.046981 0
5.046793 0
5.046734 0
5.046636 0
5.046627 0
5.046388 0
5.046385 0
5.046212 0
5.046172 0
5.046165 0
5.046002 0
5.045969 0
5.045944 0
5.045939 0
5.045933 0
5.045911 0
5.045633 0
5.045624 0
5.045621 0
5.045601 0
5.04558 0
5.045482 0
5.045401 0
5.045183 0
5.045121 0
5.045001 0
5.044846 0
5.044729 0
5.044686 0
5.044643 0
5.044635 0
5.044594 0
5.044456 0
5.044437 0
5.04434 0
5.044338 0
5.044273 0
5.044153 0
5.044137 0
5.044082 0
5.044023 0
5.044014 0
5.04395 0
5.043877 0
5.043813 0
5.043757 0
5.043708 0
5.043689 0
5.043687 0
5.043578 0
5.043529 0
5.043481 0
5.043433 0
5.043409 0
5.043375 0
5.043315 0
5.043246 0
5.043191 0
5.043103 0
5.043082 0
5.043034 0
5.04292 0
5.0429 0
5.042866 0
5.042587 0
5.042409 0
5.042359 0
5.042333 0
5.042249 0
5.042221 0
5.042218 0
5.042207 0
5.042148 0
5.042131 0
5.042065 0
5.042047 0
5.041982 0
5.041948 0
5.041879 0
5.041874 0
5.041697 0
5.041462 0
5.041146 0
5.040823 0
5.040805 0
5.0407 0
5.040692 0
5.040688 0
5.040649 0
5.040643 0
5.040608 0
5.040445 0
5.040414 0
5.040252 0
5.040171 0
5.039972 0
5.039871 0
5.039856 0
5.039854 0
5.039779 0
5.039773 0
5.039629 0
5.039607 0
5.039605 0
5.039592 0
5.039543 0
5.039518 0
5.039481 0
5.039474 0
5.039416 0
5.039354 0
5.039347 0
5.039295 0
5.039262 0
5.03922 0
5.039163 0
5.039144 0
5.039118 0
5.039113 0
5.039108 0
5.03907 0
5.039051 0
5.039047 0
5.038988 0
5.038962 0
5.038877 0
5.038791 0
5.038701 0
5.038653 0
5.038618 0
5.038576 0
5.038529 0
5.038517 0
5.03835 0
5.038303 0
5.038244 0
5.038162 0
5.038138 0
5.038136 0
5.038081 0
5.037969 0
5.037888 0
5.037709 0
5.037681 0
5.037647 0
5.03725 0
5.037224 0
5.037169 0
5.037158 0
5.037141 0
5.037126 0
5.037087 0
5.037079 0
5.036926 0
5.036919 0
5.036775 0
5.036768 0
5.036734 0
5.036682 0
5.036591 0
5.03657 0
5.036551 0
5.036539 0
5.036486 0
5.036462 0
5.036345 0
5.036323 1
5.03632 0
5.036319 0
5.036207 0
5.036207 0
5.036181 0
5.036065 0
5.036034 0
5.036034 0
5.035993 0
5.035992 0
5.035957 0
5.035925 0
5.035915 0
5.035791 0
5.035776 0
5.035686 0
5.035553 0
5.035513 0
5.035466 0
5.035328 0
5.03532 0
5.035302 0
5.035245 0
5.035179 0
5.035149 0
5.035129 0
5.035071 0
5.034992 0
5.034965 0
5.034857 0
5.034781 0
5.034698 0
5.034526 0
5.034521 0
5.034498 0
5.034459 0
5.034444 0
5.034358 0
5.034318 0
5.034202 0
5.034175 0
5.03413 0
5.034114 0
5.034049 0
5.033981 0
5.033753 0
5.033615 0
5.033594 0
5.033586 0
5.03348 0
5.033453 0
5.033448 0
5.033269 0
5.033219 0
5.033194 0
5.033108 0
5.033069 0
5.033054 0
5.032951 0
5.032944 0
5.032896 0
5.03288 0
5.032859 0
5.032826 0
5.0328 0
5.032701 0
5.03261 0
5.032573 0
5.032409 0
5.032341 0
5.032243 0
5.032237 0
5.032198 0
5.032177 0
5.032173 0
5.032111 0
5.032091 0
5.031991 0
5.031986 0
5.03193 0
5.031892 0
5.031891 0
5.031827 0
5.03178 0
5.031764 0
5.031745 0
5.031723 0
5.031689 0
5.031652 0
5.031634 0
5.031546 0
5.031443 0
5.031357 0
5.031333 0
5.031227 0
5.031004 0
5.030959 0
5.030941 0
5.030937 0
5.030879 0
5.030833 0
5.030685 0
5.030549 0
5.030531 0
5.030448 0
5.030405 0
5.030328 0
5.030249 0
5.030175 0
5.030167 0
5.0301 0
5.030032 0
5.029999 0
5.029966 0
5.029932 0
5.029923 0
5.02985 0
5.029801 0
5.029787 0
5.02977 0
5.029596 0
5.029596 0
5.029584 0
5.029578 0
5.029549 0
5.029531 0
5.029475 0
5.029472 0
5.029416 0
5.029395 0
5.029338 0
5.029272 0
5.029119 0
5.029082 0
5.029081 0
5.029047 0
5.028952 0
5.028895 0
5.028883 0
5.028815 0
5.02875 0
5.028668 0
5.028599 0
5.028569 0
5.028534 0
5.028499 0
5.028498 0
5.02848 0
5.028416 0
5.028399 0
5.02831 0
5.028298 0
5.028266 0
5.028028 0
5.028013 0
5.027819 0
5.027715 0
5.027644 0
5.027618 0
5.027422 0
5.027404 0
5.027247 0
5.027099 0
5.027098 0
5.027091 0
5.026877 0
5.026851 0
5.026851 0
5.026834 0
5.02674 0
5.026686 0
5.026633 0
5.026598 0
5.026586 0
5.026403 0
5.026126 0
5.025996 0
5.025976 0
5.02596 0
5.025914 0
5.025881 0
5.025735 0
5.025583 0
5.025574 0
5.025512 0
5.025464 0
5.02519 0
5.02517 0
5.025012 0
5.024923 0
5.024655 0
5.024596 0
5.024385 0
5.024248 0
5.024221 0
5.024217 0
5.024195 0
5.024179 0
5.023962 0
5.023823 0
5.023724 0
5.023693 0
5.02362 0
5.02353 0
5.023521 0
5.023503 0
5.023498 0
5.023458 0
5.023448 0
5.023434 0
5.02332 0
5.023308 0
5.023306 0
5.023036 0
5.023027 0
5.022998 0
5.022951 0
5.022877 0
5.022814 0
5.022709 0
5.022571 0
5.022388 0
5.022375 0
5.022366 0
5.02236 0
5.022351 0
5.02235 0
5.022348 0
5.022333 0
5.022313 0
5.022152 0
5.022112 0
5.02211 0
5.022099 0
5.021989 0
5.021964 0
5.021949 0
5.021886 0
5.021868 0
5.021848 0
5.021808 0
5.021789 0
5.02176 0
5.021709 0
5.021683 0
5.021523 0
5.021492 0
5.02142 0
5.021411 0
5.021386 0
5.021384 0
5.021343 0
5.021311 0
5.021256 0
5.021243 0
5.021206 0
5.021181 0
5.021178 0
5.021134 0
5.021056 0
5.021053 0
5.021003 0
5.020981 0
5.020955 0
5.020931 0
5.02093 0
5.020865 0
5.020851 0
5.020828 0
5.020823 0
5.02082 0
5.020813 0
5.020729 0
5.020602 0
5.020579 0
5.020576 0
5.020571 0
5.020449 0
5.020442 0
5.02043 0
5.020425 0
5.020398 0
5.0203 0
5.020177 0
5.020095 0
5.020047 0
5.020035 0
5.019987 0
5.019902 0
5.0199 0
5.019868 0
5.019824 0
5.019748 0
5.019708 0
5.019671 0
5.019551 0
5.019542 0
5.019531 0
5.019459 0
5.019353 0
5.01931 0
5.019292 0
5.019281 0
5.019246 0
5.019203 0
5.019202 0
5.01912 0
5.019086 0
5.019057 0
5.019048 0
5.019039 0
5.018995 0
5.018982 0
5.018918 0
5.01891 0
5.018894 0
5.018885 0
5.018834 0
5.018793 0
5.018642 0
5.018587 0
5.01857 0
5.018565 0
5.018514 0
5.018462 0
5.018451 0
5.018364 0
5.018337 0
5.018309 0
5.018204 0
5.018171 0
5.018149 0
5.018101 0
5.018079 0
5.018003 0
5.01791 0
5.017837 0
5.017661 0
5.017626 0
5.017579 0
5.017531 0
5.017513 0
5.01738 0
5.017376 0
5.017131 0
5.017007 0
5.016959 0
5.016939 0
5.016895 0
5.016891 0
5.01689 0
5.016877 0
5.01685 0
5.016844 0
5.016834 0
5.016811 0
5.01681 0
5.016795 0
5.016765 0
5.016716 0
5.016684 0
5.016647 0
5.016638 0
5.016589 0
5.016554 0
5.016529 0
5.016478 0
5.01647 0
5.016465 0
5.016457 0
5.016437 0
5.016427 0
5.016414 0
5.016229 0
5.016167 0
5.016098 0
5.01608 0
5.016078 0
5.016066 0
5.016052 0
5.016016 0
5.016001 0
5.015997 0
5.015958 0
5.015811 0
5.015742 0
5.015584 0
5.015564 0
5.015553 0
5.015474 0
5.015456 0
5.015438 0
5.015371 0
5.015338 0
5.015311 0
5.015304 0
5.015191 0
5.015186 0
5.015094 0
5.014988 0
5.014869 0
5.014867 0
5.014755 0
5.014625 0
5.014615 0
5.014437 0
5.014404 0
5.014371 0
5.014267 0
5.014252 0
5.014184 0
5.014181 0
5.014139 0
5.014124 0
5.013993 0
5.013978 0
5.013906 0
5.013898 0
5.013691 0
5.013654 0
5.013648 0
5.013646 0
5.013592 0
5.013565 0
5.013546 0
5.013496 0
5.01348 0
5.013471 0
5.013418 0
5.013412 0
5.013396 0
5.01334 0
5.013314 0
5.01329 0
5.013278 0
5.013239 0
5.013164 0
5.013092 0
5.01306 0
5.013016 0
5.012975 0
5.012857 0
5.012845 0
5.012651 0
5.012627 0
5.012613 0
5.012442 0
5.012433 0
5.012431 0
5.012343 0
5.012324 0
5.01232 0
5.012224 0
5.012209 0
5.012181 0
5.012129 0
5.012125 0
5.0121 0
5.012043 0
5.01204 0
5.011997 0
5.011982 0
5.011898 0
5.011842 0
5.011786 0
5.011769 0
5.011723 0
5.011719 0
5.011646 0
5.011521 0
5.011478 0
5.011446 0
5.011379 0
5.011378 0
5.011352 0
5.011323 0
5.011288 0
5.011119 0
5.011056 0
5.011014 0
5.010945 0
5.010936 0
5.010864 0
5.010852 0
5.010733 0
5.010721 0
5.010702 0
5.010671 0
5.010663 0
5.010593 0
5.010579 0
5.010571 0
5.010555 0
5.010533 0
5.01053 0
5.010479 0
5.010461 0
5.010452 0
5.01045 0
5.010441 0
5.010411 0
5.010281 0
5.010243 0
5.010237 0
5.010211 0
5.010146 0
5.010127 0
5.010106 0
5.01008 0
5.010006 0
5.009962 0
5.009891 0
5.009858 0
5.009801 0
5.009774 0
5.009745 0
5.009664 0
5.009606 0
5.009599 0
5.009522 0
5.009472 0
5.009453 0
5.009391 0
5.009382 0
5.009334 0
5.009323 0
5.009275 0
5.009237 0
5.009227 0
5.009226 0
5.009212 0
5.009194 0
5.009177 0
5.009147 0
5.009121 0
5.009079 0
5.009032 0
5.009011 0
5.00889 0
5.008869 0
5.008797 0
5.00877 0
5.008678 0
5.008635 0
5.008633 0
5.008626 0
5.00859 0
5.008583 0
5.008571 0
5.008556 0
5.008551 0
5.008489 0
5.008463 0
5.008407 0
5.008399 0
5.008309 0
5.008286 0
5.008188 0
5.008178 0
5.008157 0
5.008098 0
5.008092 0
5.008058 0
5.00801 0
5.007987 0
5.007978 0
5.007901 0
5.007891 0
5.007883 0
5.007844 0
5.007794 0
5.007729 0
5.007724 0
5.00771 0
5.007686 0
5.007649 0
5.007636 0
5.007634 0
5.007627 0
5.007622 0
5.007618 0
5.007587 0
5.007579 0
5.007556 0
5.007513 0
5.007493 0
5.00737 0
5.007325 0
5.007184 0
5.007166 0
5.007148 0
5.006897 0
5.006896 0
5.006881 0
5.006843 0
5.006841 0
5.00683 0
5.006806 0
5.006799 0
5.006751 0
5.006646 0
5.006638 0
5.006619 0
5.006609 0
5.006605 0
5.006597 0
5.006538 0
5.006513 0
5.006505 0
5.006494 0
5.006479 0
5.006471 0
5.006428 0
5.006422 0
5.006421 0
5.006402 0
5.006371 0
5.006361 0
5.006334 0
5.006324 0
5.006317 0
5.006312 0
5.006302 0
5.006285 0
5.006285 0
5.006262 0
5.006157 0
5.006156 0
5.006115 0
5.006101 0
5.006065 0
5.006045 0
5.006032 0
5.006023 0
5.006021 0
5.006013 0
5.005987 0
5.005941 0
5.005941 0
5.005927 0
5.005917 0
5.005869 0
5.00585 0
5.005826 0
5.005795 0
5.005783 0
5.005767 0
5.005734 0
5.005689 0
5.005618 0
5.005617 0
5.005585 0
5.005449 0
5.005369 0
5.005165 0
5.005093 0
5.005056 0
5.005016 0
5.005015 0
5.005 0
5.004998 0
5.004934 0
5.004932 0
5.004923 0
5.004873 0
5.004866 0
5.004863 0
5.004825 0
5.004813 0
5.004799 0
5.00473 0
5.004687 0
5.004685 0
5.004647 0
5.004642 0
5.004605 0
5.004598 0
5.004583 0
5.004575 0
5.004551 0
5.004457 0
5.004393 0
5.004367 0
5.004351 0
5.004337 0
5.004311 0
5.004304 0
5.004296 0
5.004267 0
5.004228 0
5.004203 0
5.004169 0
5.004165 0
5.004111 0
5.004078 0
5.004069 0
5.004064 0
5.004035 0
5.004006 0
5.003999 0
5.003998 0
5.003983 0
5.003963 0
5.00396 0
5.003955 0
5.00395 0
5.003873 0
5.003858 0
5.003757 0
5.003705 0
5.003679 0
5.003653 0
5.003625 0
5.003527 0
5.003493 0
5.003479 0
5.003429 0
5.00339 0
5.003335 0
5.003325 0
5.003294 0
5.003279 0
5.003239 0
5.003176 0
5.003073 0
5.00304 0
5.002996 0
5.002971 0
5.002921 0
5.002812 0
5.002737 0
5.002719 0
5.00265 0
5.002635 0
5.002591 0
5.002501 0
5.002483 0
5.002422 0
5.002399 0
5.002395 0
5.002346 0
5.002331 0
5.002292 0
5.002195 0
5.002155 0
5.002154 0
5.002081 0
5.002065 0
5.001988 0
5.001963 0
5.001957 0
5.001875 0
5.001782 0
5.001745 0
5.001735 0
5.001733 0
5.001721 0
5.001665 0
5.001656 0
5.001634 0
5.001616 0
5.001601 0
5.001599 0
5.001585 0
5.001583 0
5.001571 0
5.001526 0
5.001524 0
5.001516 0
5.001492 0
5.001485 0
5.001476 0
5.001459 0
5.001424 0
5.001421 0
5.001416 0
5.001409 0
5.001393 0
5.001376 0
5.001357 0
5.001307 0
5.001306 0
5.001294 0
5.001276 0
5.001254 0
5.0012 0
5.001121 0
5.001116 0
5.001089 0
5.001033 0
5.001033 0
5.001013 0
5.000952 0
5.000902 0
5.000897 0
5.000876 0
5.000863 0
5.000793 0
5.000793 0
5.00069 0
5.000621 0
5.000582 0
5.000573 0
5.000562 0
5.000506 0
5.000492 0
5.000471 0
5.000456 0
5.000421 0
5.000408 0
5.000389 0
5.000359 0
5.000316 0
5.000289 0
5.000207 0
5.00016 0
5.000156 0
5.000124 0
5.000112 0
5.000097 0
5.000054 0
5.000047 0
5.000035 0
5.000022 0
5.000012 0
4.999901 0
4.999838 0
4.999838 0
4.999835 0
4.99982 0
4.999818 0
4.999807 0
4.999761 0
4.999732 0
4.999716 0
4.99969 0
4.999673 0
4.9996 0
4.999589 0
4.999588 0
4.999565 0
4.999564 0
4.999557 0
4.999522 0
4.999484 0
4.999479 0
4.999454 0
4.999408 0
4.999399 0
4.999357 0
4.999317 0
4.999279 0
4.999246 0
4.999238 0
4.999195 0
4.99916 0
4.999158 0
4.999139 0
4.99911 0
4.999053 0
4.999038 0
4.999029 0
4.998939 0
4.998811 0
4.998691 0
4.99866 0
4.998657 0
4.998642 0
4.99863 0
4.99861 0
4.998607 0
4.998605 0
4.998522 0
4.998417 0
4.998415 0
4.998387 0
4.998386 0
4.998355 0
4.998317 0
4.998295 0
4.998283 0
4.998243 0
4.998219 0
4.998214 0
4.998178 0
4.998166 0
4.99813 0
4.998105 0
4.998103 0
4.998099 0
4.998067 0
4.99804 0
4.997962 0
4.99793 0
4.997899 0
4.997869 0
4.997854 0
4.997838 0
4.99778 0
4.997777 0
4.997743 0
4.997686 0
4.997666 0
4.997616 0
4.99761 0
4.997599 0
4.997556 0
4.99755 0
4.997542 0
4.997477 0
4.997413 0
4.997316 0
4.997313 0
4.997304 0
4.997243 0
4.99715 0
4.997131 0
4.997077 0
4.997063 0
4.997035 0
4.996964 0
4.996947 0
4.99693 0
4.996829 0
4.996805 0
4.996757 0
4.996747 0
4.996723 0
4.996722 0
4.996695 0
4.996659 0
4.996646 0
4.99663 0
4.996623 0
4.996608 0
4.99657 0
4.99657 0
4.996541 0
4.996454 0
4.996411 0
4.996403 0
4.996403 0
4.996346 0
4.996339 0
4.996305 0
4.996298 0
4.996234 0
4.996227 0
4.996171 0
4.99617 0
4.996161 0
4.99614 0
4.996128 0
4.996094 0
4.99609 0
4.996071 0
4.996069 0
4.995901 0
4.995847 0
4.995821 0
4.995786 0
4.995772 0
4.995763 0
4.99576 0
4.995757 0
4.995757 0
4.995743 0
4.995739 0
4.995705 0
4.995693 0
4.995693 0
4.99568 0
4.99568 0
4.99564 0
4.995627 0
4.99549 0
4.995453 0
4.99543 0
4.995416 0
4.995362 0
4.995349 0
4.995327 0
4.995245 0
4.995226 0
4.995223 0
4.99521 0
4.995185 0
4.995164 0
4.995125 0
4.99498 0
4.994977 0
4.994881 0
4.994881 0
4.994853 0
4.994823 0
4.994796 0
4.994761 0
4.994688 0
4.994667 0
4.99464 0
4.994619 0
4.994602 0
4.994563 0
4.994526 0
4.994504 0
4.994492 0
4.994471 0
4.994399 0
4.994397 0
4.994371 0
4.994369 0
4.994355 0
4.994312 0
4.994307 0
4.994295 0
4.994277 0
4.994227 0
4.994184 0
4.994147 0
4.99413 0
4.994097 0
4.994077 0
4.994068 0
4.99405 0
4.994042 0
4.994008 0
4.994006 0
4.993993 0
4.993972 0
4.993971 0
4.99397 0
4.993885 0
4.993827 0
4.993793 0
4.993782 0
4.993743 0
4.993721 0
4.993656 0
4.993608 0
4.993579 0
4.993572 0
4.993568 0
4.993551 0
4.993518 0
4.993475 0
4.993417 0
4.993414 0
4.993346 0
4.993327 0
4.993289 0
4.993191 0
4.993179 0
4.99317 0
4.993154 0
4.99306 0
4.993038 0
4.992889 0
4.992804 0
4.992802 0
4.992795 0
4.992792 0
4.992779 0
4.992737 0
4.992705 0
4.992688 0
4.992659 0
4.992655 0
4.992599 0
4.992547 0
4.992433 0
4.992408 0
4.992403 0
4.992311 0
4.992293 0
4.992194 0
4.991932 0
4.991911 0
4.991909 0
4.991881 0
4.991855 0
4.991838 0
4.991825 0
4.991718 0
4.991697 0
4.991666 0
4.991657 0
4.991585 0
4.991534 0
4.991505 0
4.991489 0
4.991447 0
4.991331 0
4.991294 0
4.991292 0
4.991267 0
4.991209 0
4.991146 0
4.991132 0
4.991119 0
4.991076 0
4.991071 0
4.991062 0
4.991014 0
4.990954 0
4.990949 0
4.990942 0
4.990857 0
4.990819 0
4.990815 0
4.990735 0
4.990713 0
4.990668 0
4.990613 0
4.990598 0
4.990595 0
4.990502 0
4.990492 0
4.990491 0
4.99048 0
4.990425 0
4.990392 0
4.990372 0
4.990353 0
4.990341 0
4.990281 0
4.990229 0
4.990225 0
4.990187 0
4.990164 0
4.99016 0
4.990148 0
4.99011 0
4.990104 0
4.990089 0
4.990078 0
4.990048 0
4.990009 0
4.989997 0
4.989931 0
4.989874 0
4.989858 0
4.989833 0
4.989824 0
4.989813 0
4.989763 0
4.989632 0
4.989618 0
4.989616 0
4.989594 0
4.989554 0
4.98952 0
4.98945 0
4.989331 0
4.989316 0
4.989277 0
4.9892 0
4.989187 0
4.989166 0
4.989143 0
4.989109 0
4.989086 0
4.989074 0
4.989038 0
4.988951 0
4.988946 0
4.988839 0
4.988803 0
4.988645 0
4.988637 0
4.988612 0
4.98859 0
4.988575 0
4.988564 0
4.988511 0
4.988497 0
4.988426 0
4.988297 0
4.988291 0
4.98827 0
4.988251 0
4.988225 0
4.988211 0
4.988205 0
4.988205 0
4.988203 0
4.988201 0
4.988168 0
4.98816 0
4.988142 0
4.988125 0
4.988121 0
4.987985 0
4.98793 0
4.987884 0
4.987844 0
4.987795 0
4.987771 0
4.987767 0
4.987742 0
4.98773 0
4.987701 0
4.987689 0
4.987597 0
4.987561 0
4.987491 0
4.98741 0
4.987405 0
4.987249 0
4.987222 0
4.987169 0
4.987059 0
4.987 0
4.986982 0
4.986962 0
4.986952 0
4.986936 0
4.986935 0
4.986913 0
4.986879 0
4.986835 0
4.986834 0
4.986803 0
4.986762 0
4.986728 0
4.986662 0
4.986657 0
4.986602 0
4.986569 0
4.986557 0
4.986553 0
4.986521 0
4.986473 0
4.986448 0
4.986445 0
4.986421 0
4.986394 0
4.986389 0
4.986362 0
4.986334 0
4.986264 0
4.986263 0
4.98623 0
4.986217 0
4.986209 0
4.986157 0
4.986108 0
4.986097 0
4.986095 0
4.986025 0
4.985998 0
4.985986 0
4.985954 0
4.985952 0
4.985856 0
4.985847 0
4.985812 0
4.985794 0
4.985785 0
4.985733 0
4.985679 0
4.985641 0
4.9855 0
4.985491 0
4.985417 0
4.985366 0
4.985313 0
4.985313 0
4.985192 0
4.985155 0
4.985142 0
4.985126 0
4.985119 0
4.985094 0
4.98506 0
4.985051 0
4.985051 0
4.984975 0
4.984967 0
4.984938 0
4.984901 0
4.984869 0
4.984844 0
4.984814 0
4.984767 0
4.984714 0
4.984712 0
4.984705 0
4.984666 0
4.984634 0
4.984611 0
4.984592 0
4.984581 0
4.984472 0
4.984429 0
4.984368 0
4.984323 0
4.984313 0
4.984295 0
4.984286 0
4.984283 0
4.984281 0
4.984236 0
4.984197 0
4.984174 0
4.984169 0
4.984159 0
4.984139 0
4.984131 0
4.984117 0
4.984099 0
4.98408 0
4.984067 0
4.983963 0
4.983795 0
4.983683 0
4.98364 0
4.983622 0
4.983588 0
4.983574 0
4.983568 0
4.983481 0
4.983448 0
4.983354 0
4.983265 0
4.983254 0
4.98324 0
4.983174 0
4.983135 0
4.983044 0
4.982926 0
4.982918 0
4.98276 0
4.98273 0
4.982625 0
4.982598 0
4.982479 0
4.982401 0
4.982365 0
4.982364 0
4.982336 0
4.98229 0
4.982245 0
4.982154 0
4.982118 0
4.982107 0
4.982069 0
4.982047 0
4.981941 0
4.981926 0
4.981889 0
4.981848 0
4.981791 0
4.981785 0
4.981771 0
4.981726 0
4.981564 0
4.981493 0
4.981483 0
4.981472 0
4.981409 0
4.981376 0
4.98134 0
4.981273 0
4.98114 0
4.981128 0
4.981053 0
4.981049 0
4.98101 0
4.980992 0
4.980985 0
4.980919 0
4.980894 0
4.980801 0
4.980769 0
4.980583 0
4.98043 0
4.980429 0
4.980383 0
4.980355 0
4.980167 0
4.980077 0
4.980013 0
4.979975 0
4.97997 0
4.979962 0
4.979842 0
4.979809 0
4.979751 0
4.97971 0
4.979684 0
4.979666 0
4.979638 0
4.979478 0
4.979434 0
4.979395 0
4.979333 0
4.979297 0
4.979198 0
4.979165 0
4.979163 0
4.979083 0
4.979049 0
4.97903 0
4.979024 0
4.978976 0
4.978975 0
4.978873 0
4.978855 0
4.978841 0
4.978703 0
4.978439 0
4.978432 0
4.978263 0
4.978221 0
4.978197 0
4.978183 0
4.978135 0
4.978112 0
4.978108 0
4.978106 0
4.978075 0
4.978069 0
4.977997 0
4.977959 0
4.977956 0
4.977941 0
4.97783 0
4.9778 0
4.977723 0
4.977717 0
4.977624 0
4.977548 0
4.977446 0
4.977424 0
4.977361 0
4.977339 0
4.977299 0
4.977267 0
4.977165 0
4.97712 0
4.976594 0
4.976485 0
4.976358 0
4.976266 0
4.976235 0
4.976159 0
4.975964 0
4.975839 0
4.975812 0
4.975695 0
4.9756 0
4.975564 0
4.975543 0
4.975452 0
4.97544 0
4.97541 0
4.975376 0
4.975374 0
4.975296 0
4.975019 0
4.974994 0
4.974924 0
4.974898 0
4.974898 0
4.974785 0
4.974731 0
4.974647 0
4.974529 0
4.974468 0
4.974456 0
4.974118 0
4.973954 0
4.973933 0
4.973928 0
4.973793 0
4.973737 0
4.973543 0
4.973482 0
4.97346 0
4.973458 0
4.973361 0
4.97332 0
4.97323 0
4.973172 0
4.97314 0
4.973127 0
4.973052 0
4.972965 0
4.972923 0
4.972907 0
4.972903 0
4.972808 0
4.972679 0
4.972665 0
4.97257 0
4.972543 0
4.972455 0
4.972454 0
4.972436 0
4.972393 0
4.972362 0
4.972137 0
4.972126 0
4.972118 0
4.971999 0
4.971991 0
4.971687 0
4.971682 0
4.971653 0
4.971335 0
4.971295 0
4.971207 0
4.971117 0
4.971097 0
4.971045 0
4.971039 0
4.970983 0
4.970792 0
4.970623 0
4.970546 0
4.970523 0
4.970365 0
4.970267 0
4.970211 0
4.970204 0
4.970181 0
4.970173 0
4.969897 0
4.969843 0
4.969579 0
4.969499 0
4.969304 0
4.969289 0
4.96902 0
4.968979 0
4.968921 0
4.968869 0
4.968745 0
4.968567 0
4.968552 0
4.968445 0
4.968345 0
4.968179 0
4.968119 0
4.968115 0
4.968071 0
4.968032 0
4.967998 0
4.967898 0
4.967833 0
4.967788 0
4.967463 0
4.967449 0
4.967249 0
4.967204 0
4.966992 0
4.966954 0
4.966897 0
4.966676 0
4.966444 0
4.966399 0
4.966354 0
4.966226 0
4.966142 0
4.966049 0
4.965998 0
4.965818 0
4.965805 0
4.965745 0
4.965673 0
4.965282 0
4.965183 0
4.965129 0
4.964861 0
4.964714 0
4.964639 0
4.964529 0
4.964488 0
4.964477 0
4.964392 0
4.964373 0
4.964362 0
4.96436 0
4.964325 0
4.964101 0
4.964018 0
4.963737 0
4.96318 0
4.963137 0
4.962972 0
4.962945 0
4.962798 0
4.962706 0
4.962491 0
4.962393 0
4.962277 0
4.962226 0
4.96205 0
4.961561 0
4.961445 0
4.961391 0
4.961305 0
4.961268 0
4.961113 0
4.961057 0
4.960972 0
4.960787 0
4.960754 0
4.960745 0
4.960692 0
4.96066 0
4.96048 0
4.960289 0
4.96022 0
4.960101 0
4.960018 0
4.959983 0
4.959716 0
4.959446 0
4.95936 0
4.95934 0
4.959324 0
4.959317 0
4.959284 0
4.959202 0
4.958991 0
4.958906 0
4.958554 0
4.958449 0
4.958324 0
4.958285 0
4.957805 0
4.957665 0
4.957646 0
4.95763 0
4.957512 0
4.95717 0
4.956831 0
4.956266 0
4.956049 0
4.955618 0
4.955386 0
4.954745 0
4.954732 0
4.954557 0
4.954421 0
4.954005 0
4.953992 0
4.953746 0
4.953497 0
4.953302 0
4.952745 0
4.952667 0
4.95262 0
4.952433 0
4.951561 0
4.951287 0
4.951014 0
4.951002 0
4.951 0
4.950822 0
4.950723 0
4.950706 0
4.950328 0
4.9503 0
4.950184 0
4.950175 0
4.949684 0
4.949632 0
4.949487 0
4.949211 0
4.949168 0
4.949118 0
4.948627 0
4.948572 0
4.948495 0
4.948256 0
4.948246 0
4.948131 0
4.948127 0
4.947915 1
4.947713 0
4.947052 0
4.944521 0
4.943583 0
4.943336 0
4.943092 0
4.942799 0
4.939446 0
4.939074 0
4.938894 0
4.938625 0
4.938517 0
4.938437 0
4.938303 0
4.937778 0
4.937529 0
4.937001 0
4.936868 0
4.936818 0
4.936761 0
4.936481 0
4.934364 0
4.93432 0
4.933884 0
4.93345 0
4.932541 0
4.932393 0
4.931988 0
4.931719 0
4.930358 0
4.930243 0
4.929427 0
4.929346 0
4.929185 0
4.927335 0
4.925193 0
4.925126 0
4.924862 0
4.922735 0
4.92268 0
4.922182 0
4.921254 0
4.920887 0
4.919325 0
4.918954 0
4.918938 0
4.917596 0
4.913338 0
4.912886 0
4.912776 0
4.911281 0
4.907112 0
4.904061 0
4.90373 0
4.901886 0
4.901661 0
4.895229 0
4.892814 0
4.890241 0
4.884788 0
4.881707 0
4.874805 0
4.85785 0
4.837989 0
4.824612 0
--- Writing PR file aupr/P_Y.txt.pr ---
--- Writing standardized PR file aupr/P_Y.txt.spr ---
--- Writing ROC file aupr/P_Y.txt.roc ---
Area Under the Curve for Precision - Recall is 0.7197955810148029
Area Under the Curve for ROC is 0.9549326617179215
